[
   {
      "name": "T01_Launch Application",
      "loadTestScriptId": 235,
      "scriptName": "PM-UI-Trueclient (8)",
      "breakers": 0,
      "slaStatus": "N/A",
      "slaThreshold": null,
      "percentileTRT_90": 2.4089999198913574,
      "passed": 385,
      "failed": 0,
      "avgTRT": 1.6820827695574085,
      "minTRT": 0.6979998874664307,
      "maxTRT": 32.4299989528656,
      "percentileTRT": 2.4089999198913574,
      "stdDeviation": 1.8334111590646882
   },
   {
      "name": "T02_Enter Email & Press Next",
      "loadTestScriptId": 235,
      "scriptName": "PM-UI-Trueclient (8)",
      "breakers": 0,
      "slaStatus": "N/A",
      "slaThreshold": null,
      "percentileTRT_90": 1.700799584388733,
      "passed": 161,
      "failed": 0,
      "avgTRT": 1.1698692055933229,
      "minTRT": 0.30999994468688963,
      "maxTRT": 4.193999139785767,
      "percentileTRT": 1.700799584388733,
      "stdDeviation": 0.6967673054512539
   },
   {
      "name": "T04_Click on Initiate Snapshots",
      "loadTestScriptId": 235,
      "scriptName": "PM-UI-Trueclient (8)",
      "breakers": 0,
      "slaStatus": "N/A",
      "slaThreshold": null,
      "percentileTRT_90": 0.8083988428115847,
      "passed": 161,
      "failed": 0,
      "avgTRT": 0.6645029507157226,
      "minTRT": 0.43900001335144045,
      "maxTRT": 6.365998992919922,
      "percentileTRT": 0.8083988428115847,
      "stdDeviation": 0.5570346483063884
   }
]